0.0 0.5564226179038438 0.8703181386475153 0.6377144244588805 0.945213342929246 0.7361419584474633 3.6246100015158156E-4 0.7520896369973391 0.5997131635646321 0.7446252789154588 0.2924481623518156 0.2438299790526004 0.3846068219824893 0.8941066864023464 0.861915505446543 0.9119839535619167 0.5364488051375222 0.39747771457738856 0.019319831634603046 0.8563761224927244 0.3968391407941789 0.810347391431093 0.04852959188510819 0.296639873995061 0.8227011809116335 0.6090747562597927 0.3502658754845738 0.29237444571287563 0.09202100581102035 0.17360232184189306 0.3812895331802937 0.8642122667718494 0.23574277204750982 0.47614717957627783 0.7032310664401812 0.31343451117292265 0.500928790416945 0.5902815053535644 0.3700982805251648 0.11687459531120137 0.9559569865904537 0.7296621621835186 0.8297845492938272 0.6342005166558546 0.08544247015342044 0.9016444135784938 0.49244066091267114 0.0062686858667365675 0.5907342630309292 0.41824242147992174 0.1273615975168293 0.046093461026209925 
0.5564226179038438 0.0 0.5112516531196934 0.44537473376431513 0.29007925838976756 0.6280781439451246 0.212589602108184 0.4910605712043681 0.052640353395223105 0.0665048042647457 0.7492358845978291 0.2342083192714285 0.41258877925805626 0.24088155499029118 0.6029072979826613 0.3778648522311716 0.8899600652660669 0.7735982138657694 0.8219256768935974 0.2742706622096571 0.986634827877395 0.39444172800641863 0.14271955259890168 0.9137922922745493 0.3786872644633964 0.7368754718682065 0.7614501230631053 0.49578002676637034 0.9399037983145847 0.2025871700121703 0.041925020035987526 0.20662590428415628 0.9534358067676294 0.2036624864063118 0.5953777317807394 0.01877260900111022 0.15858977124068174 0.04584213195546294 0.8483533015655566 0.2941518813874353 0.6010471241100223 0.9516725027806431 0.4268566027886378 0.7265058839907946 0.6073447860429179 0.23896143633295852 0.4280822354265611 0.689273196994657 0.5882371403171992 0.4678016160195957 0.9254600213897144 0.3691964241441449 
0.8703181386475153 0.5112516531196934 0.0 0.7905987277320631 0.44852638989069726 0.8584135773537056 0.16053567968110916 0.5638158613712293 0.36331400030708094 0.7951439714040615 0.6707484613281208 0.18415525076527894 0.895757864990172 0.9249138786158371 0.3457230981221815 0.7893858182987902 0.1855720988076811 0.035722756809463685 0.16112945427327108 0.5159695695833626 0.6297029945772982 0.1639262991622501 0.046177228838257256 0.502426095871212 0.03646879438409023 0.0642688068027567 0.7070487476362631 0.02501485835739714 0.4059517058996094 0.6419600508744747 0.29949936006877065 0.6656675515342343 0.657717333729397 0.012843174877727459 0.9635958896603093 0.0771431567989328 0.956039113226041 0.9133634990941494 0.5782892417852442 0.6066659651998489 0.8931554070108286 0.7689627694033864 0.2194945085472354 0.766847204153749 0.6826904044965622 0.8476870735321667 0.7125781214271815 0.30147907449635136 0.6882196845387348 0.5752106996384401 0.3586282921301678 0.383829373904803 
0.6377144244588805 0.44537473376431513 0.7905987277320631 0.0 0.06606416019963413 0.26814262022671964 0.3836116295014682 0.30635406474561855 0.03674704119407657 0.254395916226825 0.9104950380158107 0.8732840046445473 0.3161503594251437 0.592564906071183 0.2866391471785765 0.5913312670980605 0.5352586434683295 0.3766684183514206 0.41224535603819135 0.6687993368951224 0.05647967449246272 0.9182820491404877 0.3103658298081593 0.7796708650622615 0.4548831223984853 0.9349962736460306 0.5549619380387839 0.5267853736883494 0.07429975030773872 0.24230080240376017 0.33072327028681614 0.5470085342231114 0.49107537232951015 0.34541074539448946 0.8368359246608214 0.2413338523322881 0.42237531571922626 0.7582129201595024 0.46661547538951964 0.18414621188841718 0.6012867592026888 0.8384256613582766 0.6958963810302564 0.368416503615252 0.40756778577186126 0.4212291829815933 0.8952961017445789 0.5773845845594648 0.5907434794678892 0.5580374305202032 0.3449493141536335 0.33832816585365844 
0.945213342929246 0.29007925838976756 0.44852638989069726 0.06606416019963413 0.0 0.25135120958046897 0.2227469752362653 0.5750332296828568 0.11030310998591297 0.3564887862629511 0.9347118197338101 0.7813824450710072 0.5852804904503494 0.4574201705687436 0.8658578046938169 0.47271804632421466 0.2408942436568754 0.9498459655192644 0.1487637699061768 0.6944918482192042 0.5730529926342732 0.1715465310462928 0.783201038274828 0.14407376828596297 0.7579577833461214 0.867457726482677 0.7505366542764184 0.24298687220924076 0.8456074299173281 0.06884072472843294 0.6885701167947684 0.7641205271757799 0.9706617258917678 0.2310585391315101 0.7537869678449285 0.925329566231902 0.48157173294803046 0.5535742433018687 0.10367738118573488 0.9555532858613558 0.33517597451148673 0.7661362907859758 0.7686809175708726 0.015564840030777738 0.5814998512774211 0.3067193559170702 0.5514839146202388 0.012688352217032794 0.27228494065631526 0.7396391014867818 0.9908089843493737 0.2872974102934107 
0.7361419584474633 0.6280781439451246 0.8584135773537056 0.26814262022671964 0.25135120958046897 0.0 0.6668138653767428 0.4663622681262256 0.357500570268681 0.36863499954615386 0.17988550536395986 0.2668839759110212 0.11262494873763684 0.9984722307864274 0.11933424313456276 0.9761462732376432 0.25046631344395676 0.4033485724926734 0.8942763170594576 0.6478234070746136 0.47371533968274737 0.3596142877219537 0.04030486784435716 0.8869007375270321 0.20381044274559612 0.9402210139460397 0.1041450621274399 0.6428259017842409 0.016305790769807205 0.9581840180969319 0.1578189617793877 0.6466124350236329 0.20930467739585357 0.028865378017415178 0.4711595734451526 0.848127221090876 0.8624104346064976 0.8617048210885057 0.6615520331769912 0.6638955277970432 0.924311384807508 0.8617503912511154 0.46106925673828514 0.581107985332883 0.5790305590924127 0.37231883829070656 0.09370833580755855 0.6801161486691656 0.38403430065423494 0.9223413216755285 0.13922302032372857 0.9355544593725305 
3.6246100015158156E-4 0.212589602108184 0.16053567968110916 0.3836116295014682 0.2227469752362653 0.6668138653767428 0.0 0.44780896166305706 0.6554270183901892 0.6750867975869724 0.7353281579486027 0.22017790372460588 0.7124035382323606 0.43440992733099304 0.917058264471442 0.30554594958536774 0.7150700518481826 0.6951730191664871 0.7631761130683166 0.07742180528115505 0.6561248041216331 0.6249288975274383 0.8187117057489552 0.7719835788568477 0.43870628804395273 0.8451632021012727 0.09992179175587679 0.1691162630515045 0.028712783458823332 0.05079364058614311 0.24725458832878622 0.9312641170380751 0.6840427659615276 0.6228266149821898 0.44275053858511304 0.1636051721224081 0.0071238122321571895 0.3059790808663406 0.4598290397546143 0.7834689872945465 0.6305757912499452 0.1881126135942056 0.04251357437282044 0.842582665215447 0.19057924159308992 0.41461555240279746 0.921498472550306 0.03264473777116417 0.8684972875963229 0.29840851801221535 0.1660626500280432 0.2228898161762679 
0.7520896369973391 0.4910605712043681 0.5638158613712293 0.30635406474561855 0.5750332296828568 0.4663622681262256 0.44780896166305706 0.0 0.18852581424991655 0.7450370167234781 0.24368692883391152 0.02772191359571574 0.9476229752623992 0.20235472777613028 0.11333319176816481 0.08315737799042033 0.12369586790748821 0.6655894406308437 0.9136951569279884 0.9227333383817518 0.3589988505930053 0.6211230427798667 0.3243322820564266 0.08670104170710491 0.1479241021944564 0.19610586223760984 0.47544953521551747 0.3727378389894036 0.17184223541395527 0.19606481688525812 0.3611876753291694 0.9420753487495641 0.3183768296808924 0.15895397691850455 0.07164012612873849 0.331855898062805 0.7984734007412346 0.0316348001368173 0.8004139618994184 0.2926926163335575 0.43185014195390015 0.5835629428322082 0.5074042511916541 0.7698234394660122 0.6098941305765232 0.21249721463198123 0.3205524888870416 0.27691291161510423 0.6647931125197439 0.36833530473024045 0.24571159433204703 0.37346965744138205 
0.5997131635646321 0.052640353395223105 0.36331400030708094 0.03674704119407657 0.11030310998591297 0.357500570268681 0.6554270183901892 0.18852581424991655 0.0 0.3746698188067996 0.4237202402977338 0.5203409205941022 0.9500116801580967 0.11671237064256246 0.45385043023317095 0.9946073659447895 0.5495257428128135 0.7437705336604896 0.0529650011428211 0.2525688460099589 0.009430833374967862 0.604614324350385 0.011265811776336454 0.796469452965905 0.29517018608981394 0.2540283356418995 0.4035756082160652 0.5087757256466676 0.51471995268508 0.30614115065168035 0.39982221862350775 0.7794361693955467 0.7527172351233128 0.5728661716376889 0.8974761039708326 0.13994725011311304 0.5435735864073732 0.09905688334722063 0.89735919371172 0.9811604058694825 0.5148547310615696 0.9569552213351912 0.3967809909260315 0.9483667379045475 0.9753710363616185 0.69473994744849 0.45774712559487074 0.905047083289895 0.996837341463552 0.14745651783523506 0.023025345785887885 0.9357772797375191 
0.7446252789154588 0.0665048042647457 0.7951439714040615 0.254395916226825 0.3564887862629511 0.36863499954615386 0.6750867975869724 0.7450370167234781 0.3746698188067996 0.0 0.8436248411628128 0.9133382098170969 0.9991418016534304 0.7191293142343139 0.4420418241000633 0.1745035770382456 0.10292067291765195 0.7430113239620908 0.9487441222150628 0.69824287268468 0.9769683359395434 0.25774031871452185 0.37729012423316144 0.7935816863229241 0.11954313164883501 0.5662437456574585 0.6725192601598158 0.7175374957346035 0.2455400872522232 0.23613681837921485 0.5843470506628539 0.5264606392503476 0.797859821896552 0.08502480337022855 0.1857338517179462 0.6500783616462219 0.46221909573346687 0.3382304565433596 0.9039982364740635 0.5293367977807882 0.7035000680643732 0.18724892924391268 0.4903104817357823 0.503862433530109 0.5380244656932786 0.08758327361183382 0.4391151670257549 0.7608410526692552 0.9836772590593902 0.526216032170385 0.9873964317379348 0.564339141506771 
0.2924481623518156 0.7492358845978291 0.6707484613281208 0.9104950380158107 0.9347118197338101 0.17988550536395986 0.7353281579486027 0.24368692883391152 0.4237202402977338 0.8436248411628128 0.0 0.8885945151492739 0.6618235990157756 0.9731131226762457 0.1725685113729939 0.12916801300154668 0.1949411777554706 0.5127954500150802 0.8203223288136252 0.48940936565800985 0.060638769208839594 0.6702084686093042 0.8947866405991404 0.8862546342598713 0.0528690639590903 0.031152114331491898 0.9651584531317351 0.9891798897812623 0.28750048894940117 0.3738815043335081 0.6399777449798271 0.6975372216057298 0.4901496851933548 0.43029484522524686 0.32080750017695014 0.3853095184010421 0.4552796253955176 0.06995123816424054 0.7968722482326185 0.30052173039386265 0.6646310449454853 0.10714378061093688 0.2824925636859128 0.015335026392247153 0.9759061553811406 0.3306680533916363 0.9376288147557652 0.36288993777939016 0.49672561518276015 0.28658994963742024 0.131574779809577 0.868252538096421 
0.2438299790526004 0.2342083192714285 0.18415525076527894 0.8732840046445473 0.7813824450710072 0.2668839759110212 0.22017790372460588 0.02772191359571574 0.5203409205941022 0.9133382098170969 0.8885945151492739 0.0 0.24423095854283938 0.8062307730048885 0.7108179046760247 0.28335812797161297 0.957306439859268 0.2647518000482516 0.3143094135825101 0.4696349977653854 0.4762455119416569 0.08013433554538685 0.3428645991328617 0.5370300665531818 0.4337893647148279 0.01801553934906852 0.5341395247103006 0.8444476071885385 0.6118155753523297 0.4547542685841317 0.22060726646503448 0.19415107341488003 0.20955747695037252 0.8692652471720219 0.2551836436426942 0.31146697648368527 0.44208549655920004 0.4835740904395103 0.2776281668537004 0.49116915821536733 0.34188414011260915 0.15270931599907944 0.4645734604916876 0.11321069143086937 0.3717090544676971 0.31646226621513207 0.15701224571308203 0.5830095138260659 0.47351080462979855 0.0687092446895139 0.7912978013000086 0.13528343820984345 
0.3846068219824893 0.41258877925805626 0.895757864990172 0.3161503594251437 0.5852804904503494 0.11262494873763684 0.7124035382323606 0.9476229752623992 0.9500116801580967 0.9991418016534304 0.6618235990157756 0.24423095854283938 0.0 0.4760632384027169 0.17440457310232993 0.37319050395547015 0.8554686818478257 0.3630358228692766 0.17001724511585614 0.32920928909998504 0.21904571091781277 0.7636011868765831 0.5200982253555403 0.9455239197501225 0.42663454409851786 0.16927048641146258 0.17082863419956285 0.7618498078060366 0.8215116525100236 0.8035005724392086 0.740814336591487 0.226284570673157 0.7162385063122595 0.7747189092917464 0.02005549400241846 0.636751129127892 0.026382121595054153 0.12876355903559245 0.4099343173117439 0.895689699899997 0.21184597579535203 0.6833371478905569 0.43022783293524325 0.8868666938878924 0.16011926005589971 0.07492481964894859 0.4435671950815303 0.34664557650314665 0.8107915961371843 0.2777289486328036 0.303428320957995 0.9467913624149015 
0.8941066864023464 0.24088155499029118 0.9249138786158371 0.592564906071183 0.4574201705687436 0.9984722307864274 0.43440992733099304 0.20235472777613028 0.11671237064256246 0.7191293142343139 0.9731131226762457 0.8062307730048885 0.4760632384027169 0.0 0.5169687805885786 0.9645234798842799 0.7186535074183806 0.9318567370446589 0.3667651842589934 0.47093337261596135 0.7456670329985107 0.0614245368023163 0.9468362863822535 0.7974957658433363 0.9689623748439324 0.7959575255813005 0.31995501916324454 0.03796108483096261 0.6111023852226855 0.6347338049788246 0.3099238792854986 0.8576440356812574 0.025387903341372198 0.26532157142584134 0.5396542563031728 0.16223550331890368 0.76751451211882 0.7162746658415976 0.052033212220513714 0.8953389210417724 0.7169510244828851 0.01820599512260146 0.7582372137927943 0.9820948285179278 0.524437306281838 0.9731230160139834 0.40444133904746515 0.7966105036304187 0.9989133471527398 0.5078860788382309 0.225411341629833 0.17251151322173885 
0.861915505446543 0.6029072979826613 0.3457230981221815 0.2866391471785765 0.8658578046938169 0.11933424313456276 0.917058264471442 0.11333319176816481 0.45385043023317095 0.4420418241000633 0.1725685113729939 0.7108179046760247 0.17440457310232993 0.5169687805885786 0.0 0.9153553763106828 0.7448762778523582 0.96225549528901 0.8987850072534921 0.12440886836003673 0.36143713947179135 0.4616514487885166 0.847185126348885 0.7753723309691116 0.02937988651710277 0.6451532895770561 0.36282301253857485 0.9260001841219734 0.7268195269496315 0.23972226012500908 0.31616516349368606 0.8057563544505545 0.4968349188748118 0.29441417846149265 0.26251574171958225 0.523565159670365 0.7909230166225447 0.17319554267630666 0.4841597053038774 0.066769503248994 0.8799434702879985 0.4101489354109422 0.30069536854810974 0.024920454093116162 0.9412271217277305 0.5408683128796187 0.9246865288099102 0.5901870247526634 0.33774768871926786 0.7826328748865601 0.3126158187576322 0.03558801512557064 
0.9119839535619167 0.3778648522311716 0.7893858182987902 0.5913312670980605 0.47271804632421466 0.9761462732376432 0.30554594958536774 0.08315737799042033 0.9946073659447895 0.1745035770382456 0.12916801300154668 0.28335812797161297 0.37319050395547015 0.9645234798842799 0.9153553763106828 0.0 0.29373312544647223 0.22598789490648385 0.9152226398062056 0.05291276298406944 0.6408191392614493 0.021649579571834665 0.9666602024068541 0.044111095665631095 0.5598245745868873 0.8991905428043202 0.9685086302436262 0.7030971229664899 0.27545429676195166 0.23775088418883505 0.3225311721654087 0.9993256469572533 0.4747121163790502 0.8240596425088161 0.6451641044049455 0.9801635920852272 0.814532832202252 0.3793398565332775 0.15708037121994656 0.6459936176644648 0.26011902553107347 0.9142098711437361 0.6827703468545795 0.5201502973743494 0.15269460225948916 0.979482596214083 0.21793343622716432 0.43520425964967246 0.8438638916293127 0.920803262616324 0.7265765429895855 0.4877727237570697 
0.5364488051375222 0.8899600652660669 0.1855720988076811 0.5352586434683295 0.2408942436568754 0.25046631344395676 0.7150700518481826 0.12369586790748821 0.5495257428128135 0.10292067291765195 0.1949411777554706 0.957306439859268 0.8554686818478257 0.7186535074183806 0.7448762778523582 0.29373312544647223 0.0 0.4534917767430733 0.3163553905641222 0.8150665178261387 0.07594987282086119 0.8089962552377374 0.8794039220033232 0.19698571773261364 0.4266138710048196 0.9061723486094145 0.24123327917581783 0.4104907617847753 0.04428190359693418 0.2951419086487924 0.19507719617476937 0.07897685965600831 0.06884814580652032 0.6397512004773553 0.1779265143742359 0.1162010038653789 0.6164541646319219 0.3247139700157573 0.9946397823802515 0.6686192247143896 0.7959050953497544 0.3920250692049594 0.04757087222378875 0.26054477130686904 0.24245875507118453 0.27664564960680615 0.6249669175209237 0.5618351304127208 0.6914794203663728 0.7811875451973409 0.12267836843640767 0.4331680302731603 
0.39747771457738856 0.7735982138657694 0.035722756809463685 0.3766684183514206 0.9498459655192644 0.4033485724926734 0.6951730191664871 0.6655894406308437 0.7437705336604896 0.7430113239620908 0.5127954500150802 0.2647518000482516 0.3630358228692766 0.9318567370446589 0.96225549528901 0.22598789490648385 0.4534917767430733 0.0 0.3263616054425281 0.480301584320575 0.4262630776779017 0.42056764436912575 0.3782934410994655 0.2777004107532811 0.06435428162324264 0.6686938243192966 0.7298434425221957 0.15222339843311838 0.1592021145534871 0.30150923223030024 0.08001816357158797 0.22407772979179863 0.6465871500164556 0.6792899973556984 0.5653526288920754 0.14836610594574207 0.7148434297592066 0.5825478061516851 0.5997593654803288 0.5002384940775221 0.921517666454907 0.2962825261417238 0.09527593329840911 0.2544813626808825 0.9862301955634982 0.7720861121403768 0.15651482674937234 0.6820847672772526 0.8295927279783708 0.5309701715011619 0.8035338578916972 0.98730420584726 
0.019319831634603046 0.8219256768935974 0.16112945427327108 0.41224535603819135 0.1487637699061768 0.8942763170594576 0.7631761130683166 0.9136951569279884 0.0529650011428211 0.9487441222150628 0.8203223288136252 0.3143094135825101 0.17001724511585614 0.3667651842589934 0.8987850072534921 0.9152226398062056 0.3163553905641222 0.3263616054425281 0.0 0.03057600696619267 0.7363909943304878 0.27100907190707535 0.7909607072834702 0.5085112130245875 0.9147974575785995 0.9560063176877602 0.1291988794395429 0.900946070570169 0.13012889917202863 0.14231169716664793 0.9816496391051714 0.804867347693018 0.02904147226244269 0.21619520147210836 0.46892074827220176 0.7763393821725603 0.0652432262804492 0.20664574623750587 0.7665646407181782 0.7423980776074193 0.3841692522243719 0.1325301086764762 0.4711499660680144 0.26907802089762867 0.3033306563377116 0.8197922002913033 0.6237893894922106 0.9507407762276783 0.05902172998875421 0.5637231879526478 0.8474533714096777 0.0384097063198815 
0.8563761224927244 0.2742706622096571 0.5159695695833626 0.6687993368951224 0.6944918482192042 0.6478234070746136 0.07742180528115505 0.9227333383817518 0.2525688460099589 0.69824287268468 0.48940936565800985 0.4696349977653854 0.32920928909998504 0.47093337261596135 0.12440886836003673 0.05291276298406944 0.8150665178261387 0.480301584320575 0.03057600696619267 0.0 0.5066719659344863 0.25449693435350396 0.08662533508389403 0.3086074304715438 0.7599807159091466 0.35857970724855637 0.2513310890882735 0.08923008167567403 0.33307404996240797 0.4542863769073543 0.6623014174217681 0.3052815525403092 0.21027491481715532 0.8566704375739731 0.5700034240379529 0.3848309366670968 0.40967911593140205 0.23509812812356945 0.17750271604743473 0.8743440705677896 0.02958142786904383 0.026272025775357477 0.5355952480969048 0.6525803933721386 0.47089751005069747 0.8761326915462063 0.39837410787788374 0.7035345438441981 0.5140789107187085 0.3059816694751787 0.6283731017055221 0.511441604041047 
0.3968391407941789 0.986634827877395 0.6297029945772982 0.05647967449246272 0.5730529926342732 0.47371533968274737 0.6561248041216331 0.3589988505930053 0.009430833374967862 0.9769683359395434 0.060638769208839594 0.4762455119416569 0.21904571091781277 0.7456670329985107 0.36143713947179135 0.6408191392614493 0.07594987282086119 0.4262630776779017 0.7363909943304878 0.5066719659344863 0.0 0.195620206503759 0.29133273111023006 0.02265535690603193 0.2746538732778777 0.9771085181674485 0.4664125004632802 0.4946922033312525 0.3002360364469451 0.5288674719098216 0.22289598596950488 0.3916037054539363 0.13741472618662065 0.5605992609045649 0.05837565441947057 0.3523088793036905 0.23555760499798106 0.523029758754002 0.14822814325200695 0.5193604128474594 0.1711459429390828 0.6774135245096065 0.26395536619968685 0.10571506295701183 0.77824398404939 0.9838570194037024 0.8417418384738936 0.28741734837974875 0.8382572711978932 0.49476939868203773 0.21688358265497476 0.1441511282719511 
0.810347391431093 0.39444172800641863 0.1639262991622501 0.9182820491404877 0.1715465310462928 0.3596142877219537 0.6249288975274383 0.6211230427798667 0.604614324350385 0.25774031871452185 0.6702084686093042 0.08013433554538685 0.7636011868765831 0.0614245368023163 0.4616514487885166 0.021649579571834665 0.8089962552377374 0.42056764436912575 0.27100907190707535 0.25449693435350396 0.195620206503759 0.0 0.33731127966635976 0.45635303838566654 0.782908210389096 0.9018398683654721 0.6833705984274184 0.11889584254062835 0.10861991812557026 0.044953014010424286 0.690258314319692 0.3357305945617922 0.8519669937415546 0.9609024790339419 0.5820238272521078 0.3910769837810538 0.6465436159426818 0.6548901345029972 0.7486468125238591 0.1385839987239963 0.004701807664764801 0.7307930158741707 0.4928539145056645 0.45524201711825885 0.6806634081354827 0.2721503385561074 0.5478637344488693 0.2194351833246858 0.867686213413817 0.4770423701712134 0.7171650471936165 0.5072564857120142 
0.04852959188510819 0.14271955259890168 0.046177228838257256 0.3103658298081593 0.783201038274828 0.04030486784435716 0.8187117057489552 0.3243322820564266 0.011265811776336454 0.37729012423316144 0.8947866405991404 0.3428645991328617 0.5200982253555403 0.9468362863822535 0.847185126348885 0.9666602024068541 0.8794039220033232 0.3782934410994655 0.7909607072834702 0.08662533508389403 0.29133273111023006 0.33731127966635976 0.0 0.0652518100160413 0.9016280624619505 0.5899718741521852 0.46780946518003585 0.4454077579681436 0.9493350984660665 0.9197883495496616 0.3860716866736992 0.07180991320305441 0.8061718268192293 0.918555274935913 0.7709975229410791 0.3806751972105483 0.3673580574371875 0.41513941478332683 0.9168881408149343 0.9197690721960795 0.8264476180284498 0.5544653922109938 0.27765949410296986 0.45971601836318154 0.5053424371888119 0.47237967571970585 0.16648947285532378 0.24133554061054918 0.1920741477077702 0.17137435520793498 0.7474277258968449 0.30336992477261404 
0.296639873995061 0.9137922922745493 0.502426095871212 0.7796708650622615 0.14407376828596297 0.8869007375270321 0.7719835788568477 0.08670104170710491 0.796469452965905 0.7935816863229241 0.8862546342598713 0.5370300665531818 0.9455239197501225 0.7974957658433363 0.7753723309691116 0.044111095665631095 0.19698571773261364 0.2777004107532811 0.5085112130245875 0.3086074304715438 0.02265535690603193 0.45635303838566654 0.0652518100160413 0.0 0.7229563428947062 0.6435882879084235 0.020903007328381573 0.5468845639439746 0.7966864340355371 0.14004175710471745 0.521664211494517 0.43578499294274065 0.04020340954124657 0.3688501594229836 0.7455432550395478 0.007309888126071806 0.1595837057160968 0.32020091512948146 0.9005291192105516 0.1720221723582478 0.6039842048376906 0.362167166006096 0.4379944239520145 0.11973524287728288 0.5466181843337257 0.2289711121650123 0.9615166323964763 0.01597520307582323 0.14397622541249355 0.5320979846164633 0.5335886434443298 0.07299378148016755 
0.8227011809116335 0.3786872644633964 0.03646879438409023 0.4548831223984853 0.7579577833461214 0.20381044274559612 0.43870628804395273 0.1479241021944564 0.29517018608981394 0.11954313164883501 0.0528690639590903 0.4337893647148279 0.42663454409851786 0.9689623748439324 0.02937988651710277 0.5598245745868873 0.4266138710048196 0.06435428162324264 0.9147974575785995 0.7599807159091466 0.2746538732778777 0.782908210389096 0.9016280624619505 0.7229563428947062 0.0 0.9729806936372024 0.46470196257830676 0.1046142171390354 0.5100112118439115 0.26548936802341194 0.4410333530646261 0.7739355366265974 0.8792817901189768 0.06053965897044633 0.5151560338226305 0.8592418707333586 0.7277392181903856 0.6769523754264368 0.5570128965985026 0.2985598520109859 0.5883931773831067 0.9723893783365197 0.32893630611960245 0.7381271327668344 0.8513119229976447 0.6996871460818823 0.8019895617164193 0.7698032437087773 0.15094052809852299 0.8972641804644831 0.27906431119607256 0.1732726278513952 
0.6090747562597927 0.7368754718682065 0.0642688068027567 0.9349962736460306 0.867457726482677 0.9402210139460397 0.8451632021012727 0.19610586223760984 0.2540283356418995 0.5662437456574585 0.031152114331491898 0.01801553934906852 0.16927048641146258 0.7959575255813005 0.6451532895770561 0.8991905428043202 0.9061723486094145 0.6686938243192966 0.9560063176877602 0.35857970724855637 0.9771085181674485 0.9018398683654721 0.5899718741521852 0.6435882879084235 0.9729806936372024 0.0 0.5246677800365142 0.6576267575199601 0.15044816314672038 0.6911465165688996 0.7469694034462061 0.8064745227297545 0.3976155398339106 0.8191720484998698 0.9241189837487752 0.9946335784541039 0.28228413642581385 0.32910834347378715 0.6463718726973843 0.4560212494166894 0.010318130570825867 0.7584308628963766 0.7376921427817035 0.21707384845559607 0.5438487561445838 0.8988771064836378 0.9175056232484794 0.856544368647838 0.15002127284814115 0.3949481254429882 0.49462742902663603 0.009304705396989021 
0.3502658754845738 0.7614501230631053 0.7070487476362631 0.5549619380387839 0.7505366542764184 0.1041450621274399 0.09992179175587679 0.47544953521551747 0.4035756082160652 0.6725192601598158 0.9651584531317351 0.5341395247103006 0.17082863419956285 0.31995501916324454 0.36282301253857485 0.9685086302436262 0.24123327917581783 0.7298434425221957 0.1291988794395429 0.2513310890882735 0.4664125004632802 0.6833705984274184 0.46780946518003585 0.020903007328381573 0.46470196257830676 0.5246677800365142 0.0 0.7210672624723162 0.9238318168908491 0.5504249099570118 0.6837625163145322 0.37793940399886883 0.06981565248089938 0.9364427854004306 0.11973018103890698 0.37853574624613107 0.9291083411926073 0.8111295190980367 0.35205945788267734 0.8915786259214314 0.6850905312863969 0.37096937700261023 0.8650822120229437 0.7685035407088759 0.8793675213427609 0.8932381197010695 0.7238738187601438 0.04825136867830837 0.8705975451148279 0.20076429519234829 0.35058305998537187 0.5636469478317321 
0.29237444571287563 0.49578002676637034 0.02501485835739714 0.5267853736883494 0.24298687220924076 0.6428259017842409 0.1691162630515045 0.3727378389894036 0.5087757256466676 0.7175374957346035 0.9891798897812623 0.8444476071885385 0.7618498078060366 0.03796108483096261 0.9260001841219734 0.7030971229664899 0.4104907617847753 0.15222339843311838 0.900946070570169 0.08923008167567403 0.4946922033312525 0.11889584254062835 0.4454077579681436 0.5468845639439746 0.1046142171390354 0.6576267575199601 0.7210672624723162 0.0 0.020920976706700234 0.18349218503764964 0.6775480886258288 0.6830859131294669 0.4789176835585419 0.06730712390118265 0.7536452700107672 0.9175408014353258 0.038371109025147954 0.707496626051503 0.006293693903812625 0.8504364794648955 0.4437188069019421 0.3023864447808401 0.2687655238873601 0.6067339558159194 0.6859217311099305 0.5721035057659687 0.3709277292972607 0.8676007247140942 0.2865849541145866 0.6280823466096744 0.5612685844384425 0.25833512013408766 
0.09202100581102035 0.9399037983145847 0.4059517058996094 0.07429975030773872 0.8456074299173281 0.016305790769807205 0.028712783458823332 0.17184223541395527 0.51471995268508 0.2455400872522232 0.28750048894940117 0.6118155753523297 0.8215116525100236 0.6111023852226855 0.7268195269496315 0.27545429676195166 0.04428190359693418 0.1592021145534871 0.13012889917202863 0.33307404996240797 0.3002360364469451 0.10861991812557026 0.9493350984660665 0.7966864340355371 0.5100112118439115 0.15044816314672038 0.9238318168908491 0.020920976706700234 0.0 0.30351504336551527 0.47084532663793754 0.27903803080678913 0.7897504976578696 0.8075002961102495 0.2967516488564512 0.827557605435256 0.9170151794265168 0.877951699234348 0.568823432878521 0.3132328442496195 0.6949821354267496 0.7441443356715922 0.11242162915350029 0.80952687670582 0.4553321319256902 0.559150063639383 0.33345866791021017 0.08113092978862824 0.4083928431153562 0.43515424390964486 0.024998644203002907 0.36079376323286383 
0.17360232184189306 0.2025871700121703 0.6419600508744747 0.24230080240376017 0.06884072472843294 0.9581840180969319 0.05079364058614311 0.19606481688525812 0.30614115065168035 0.23613681837921485 0.3738815043335081 0.4547542685841317 0.8035005724392086 0.6347338049788246 0.23972226012500908 0.23775088418883505 0.2951419086487924 0.30150923223030024 0.14231169716664793 0.4542863769073543 0.5288674719098216 0.044953014010424286 0.9197883495496616 0.14004175710471745 0.26548936802341194 0.6911465165688996 0.5504249099570118 0.18349218503764964 0.30351504336551527 0.0 0.581285342341643 0.7917007126178491 0.12750977682668097 0.6097489599846494 0.5440890756186032 0.772510658986267 0.2386982161793989 0.4124053043582929 0.44700460749119597 0.47187276250738075 0.6307663438477149 0.15694188051778057 0.9940332618533841 0.9782035447739446 0.02610226634652102 0.4356765969658032 0.11248118841427124 0.7902280843291368 0.40682213461500294 0.6625529197276969 0.24263524505702916 0.9903337571782557 
0.3812895331802937 0.041925020035987526 0.29949936006877065 0.33072327028681614 0.6885701167947684 0.1578189617793877 0.24725458832878622 0.3611876753291694 0.39982221862350775 0.5843470506628539 0.6399777449798271 0.22060726646503448 0.740814336591487 0.3099238792854986 0.31616516349368606 0.3225311721654087 0.19507719617476937 0.08001816357158797 0.9816496391051714 0.6623014174217681 0.22289598596950488 0.690258314319692 0.3860716866736992 0.521664211494517 0.4410333530646261 0.7469694034462061 0.6837625163145322 0.6775480886258288 0.47084532663793754 0.581285342341643 0.0 0.68925013500767 0.7498164064073315 0.36824619360398936 0.6699995521447835 0.18133541725446445 0.3119291768890443 0.13599459306168415 0.49380716166652505 0.35916965810310386 0.2719968682746352 0.670903296126795 0.9613897759127341 0.6481821246002685 0.9344593636132071 0.9846999659713755 0.8807771061901907 0.5752542615703204 0.5575231643659438 0.1954214896342804 0.8019466091815539 0.8699086475730269 
0.8642122667718494 0.20662590428415628 0.6656675515342343 0.5470085342231114 0.7641205271757799 0.6466124350236329 0.9312641170380751 0.9420753487495641 0.7794361693955467 0.5264606392503476 0.6975372216057298 0.19415107341488003 0.226284570673157 0.8576440356812574 0.8057563544505545 0.9993256469572533 0.07897685965600831 0.22407772979179863 0.804867347693018 0.3052815525403092 0.3916037054539363 0.3357305945617922 0.07180991320305441 0.43578499294274065 0.7739355366265974 0.8064745227297545 0.37793940399886883 0.6830859131294669 0.27903803080678913 0.7917007126178491 0.68925013500767 0.0 0.20978956123729753 0.12909197081239487 0.6759918322740801 0.8358926641565717 0.22775965596936676 0.25809439665637224 0.8031713829570227 0.588889846435863 0.9043736356468852 0.34589550431925364 0.2122026955153482 0.5617570678426034 0.13346842486822275 0.6140723780699369 0.9735164466534061 0.01559910717372881 0.611014179843897 0.7251281549878723 0.5907899496286261 0.16315650852344443 
0.23574277204750982 0.9534358067676294 0.657717333729397 0.49107537232951015 0.9706617258917678 0.20930467739585357 0.6840427659615276 0.3183768296808924 0.7527172351233128 0.797859821896552 0.4901496851933548 0.20955747695037252 0.7162385063122595 0.025387903341372198 0.4968349188748118 0.4747121163790502 0.06884814580652032 0.6465871500164556 0.02904147226244269 0.21027491481715532 0.13741472618662065 0.8519669937415546 0.8061718268192293 0.04020340954124657 0.8792817901189768 0.3976155398339106 0.06981565248089938 0.4789176835585419 0.7897504976578696 0.12750977682668097 0.7498164064073315 0.20978956123729753 0.0 0.8512168914544925 0.3833736367575038 0.5379279302125262 0.9103964991062551 0.7140506927614301 0.8961905090960611 0.21276192802722915 0.15286120885233767 0.36051036349801224 0.6092805270972584 0.0640904498622138 0.025240944558088563 0.5528506634712301 0.7320450882851515 0.4152838778880764 0.49580458354189305 0.9993059986930918 0.7030274197611968 0.5555294108274113 
0.47614717957627783 0.2036624864063118 0.012843174877727459 0.34541074539448946 0.2310585391315101 0.028865378017415178 0.6228266149821898 0.15895397691850455 0.5728661716376889 0.08502480337022855 0.43029484522524686 0.8692652471720219 0.7747189092917464 0.26532157142584134 0.29441417846149265 0.8240596425088161 0.6397512004773553 0.6792899973556984 0.21619520147210836 0.8566704375739731 0.5605992609045649 0.9609024790339419 0.918555274935913 0.3688501594229836 0.06053965897044633 0.8191720484998698 0.9364427854004306 0.06730712390118265 0.8075002961102495 0.6097489599846494 0.36824619360398936 0.12909197081239487 0.8512168914544925 0.0 0.22173343272306267 0.00626042574777419 0.9103897261499296 0.9988931226057739 0.6370686570721689 0.04556439960862824 0.27868623660504643 0.42172774122421686 0.831896510543321 0.9706715787945771 0.9607318804627349 0.6805562487899703 0.8995597005619556 0.522494973986108 0.13215617649019928 0.48541285201117224 0.07809731370773743 0.45435928030311756 
0.7032310664401812 0.5953777317807394 0.9635958896603093 0.8368359246608214 0.7537869678449285 0.4711595734451526 0.44275053858511304 0.07164012612873849 0.8974761039708326 0.1857338517179462 0.32080750017695014 0.2551836436426942 0.02005549400241846 0.5396542563031728 0.26251574171958225 0.6451641044049455 0.1779265143742359 0.5653526288920754 0.46892074827220176 0.5700034240379529 0.05837565441947057 0.5820238272521078 0.7709975229410791 0.7455432550395478 0.5151560338226305 0.9241189837487752 0.11973018103890698 0.7536452700107672 0.2967516488564512 0.5440890756186032 0.6699995521447835 0.6759918322740801 0.3833736367575038 0.22173343272306267 0.0 0.6762700684584846 0.7577249415573754 0.19277987010470787 0.07515139077027777 0.36816341154513266 0.43717036665544085 0.6185196611633963 0.2607490942690933 0.019488780245454085 0.5185467081649301 0.22410140745624219 0.0160335106860382 0.9291776248838541 0.39754061655385253 0.5345916343288686 0.48326791742543873 0.9003727820970959 
0.31343451117292265 0.01877260900111022 0.0771431567989328 0.2413338523322881 0.925329566231902 0.848127221090876 0.1636051721224081 0.331855898062805 0.13994725011311304 0.6500783616462219 0.3853095184010421 0.31146697648368527 0.636751129127892 0.16223550331890368 0.523565159670365 0.9801635920852272 0.1162010038653789 0.14836610594574207 0.7763393821725603 0.3848309366670968 0.3523088793036905 0.3910769837810538 0.3806751972105483 0.007309888126071806 0.8592418707333586 0.9946335784541039 0.37853574624613107 0.9175408014353258 0.827557605435256 0.772510658986267 0.18133541725446445 0.8358926641565717 0.5379279302125262 0.00626042574777419 0.6762700684584846 0.0 0.18338630162223535 0.6539494163436415 0.8873517715690508 0.030150938320847587 0.49675455762517373 0.3267753490453631 0.2844358976848138 0.45614760427397927 0.4128148964430134 0.8862996933260988 0.13761050412116094 0.2529861979576029 0.632264828442096 0.735124305823784 0.6818552633317678 0.7114519239654566 
0.500928790416945 0.15858977124068174 0.956039113226041 0.42237531571922626 0.48157173294803046 0.8624104346064976 0.0071238122321571895 0.7984734007412346 0.5435735864073732 0.46221909573346687 0.4552796253955176 0.44208549655920004 0.026382121595054153 0.76751451211882 0.7909230166225447 0.814532832202252 0.6164541646319219 0.7148434297592066 0.0652432262804492 0.40967911593140205 0.23555760499798106 0.6465436159426818 0.3673580574371875 0.1595837057160968 0.7277392181903856 0.28228413642581385 0.9291083411926073 0.038371109025147954 0.9170151794265168 0.2386982161793989 0.3119291768890443 0.22775965596936676 0.9103964991062551 0.9103897261499296 0.7577249415573754 0.18338630162223535 0.0 0.6672223438859698 0.4358976488288838 0.7601663147603198 0.30464021833427113 0.814228553165236 0.45101549581035427 0.31375229835445406 0.7478483921309825 0.9532095811965714 0.06360480473174412 0.99141779516927 0.6927686922512072 0.7590981684411877 0.0364617150840586 0.40672888184499756 
0.5902815053535644 0.04584213195546294 0.9133634990941494 0.7582129201595024 0.5535742433018687 0.8617048210885057 0.3059790808663406 0.0316348001368173 0.09905688334722063 0.3382304565433596 0.06995123816424054 0.4835740904395103 0.12876355903559245 0.7162746658415976 0.17319554267630666 0.3793398565332775 0.3247139700157573 0.5825478061516851 0.20664574623750587 0.23509812812356945 0.523029758754002 0.6548901345029972 0.41513941478332683 0.32020091512948146 0.6769523754264368 0.32910834347378715 0.8111295190980367 0.707496626051503 0.877951699234348 0.4124053043582929 0.13599459306168415 0.25809439665637224 0.7140506927614301 0.9988931226057739 0.19277987010470787 0.6539494163436415 0.6672223438859698 0.0 0.761579158723071 0.7419168127727519 0.12127880727537677 0.41628288147719417 0.8228188810440039 0.6414762442275667 0.6174109890370846 0.4183797001985229 0.6384721756852422 0.09444412798412838 0.7975934789201864 0.07862007052452646 0.2704761889197487 0.16439086827973037 
0.3700982805251648 0.8483533015655566 0.5782892417852442 0.46661547538951964 0.10367738118573488 0.6615520331769912 0.4598290397546143 0.8004139618994184 0.89735919371172 0.9039982364740635 0.7968722482326185 0.2776281668537004 0.4099343173117439 0.052033212220513714 0.4841597053038774 0.15708037121994656 0.9946397823802515 0.5997593654803288 0.7665646407181782 0.17750271604743473 0.14822814325200695 0.7486468125238591 0.9168881408149343 0.9005291192105516 0.5570128965985026 0.6463718726973843 0.35205945788267734 0.006293693903812625 0.568823432878521 0.44700460749119597 0.49380716166652505 0.8031713829570227 0.8961905090960611 0.6370686570721689 0.07515139077027777 0.8873517715690508 0.4358976488288838 0.761579158723071 0.0 0.16743885002415992 0.07743145318239542 0.9249047184714579 0.2795206131519935 0.20620516829593027 0.44424962988060945 0.233370996908429 0.35814749720689243 0.44824009436048096 0.7940602445620708 0.3237301831286551 0.4185781828354136 0.5076712587747926 
0.11687459531120137 0.2941518813874353 0.6066659651998489 0.18414621188841718 0.9555532858613558 0.6638955277970432 0.7834689872945465 0.2926926163335575 0.9811604058694825 0.5293367977807882 0.30052173039386265 0.49116915821536733 0.895689699899997 0.8953389210417724 0.066769503248994 0.6459936176644648 0.6686192247143896 0.5002384940775221 0.7423980776074193 0.8743440705677896 0.5193604128474594 0.1385839987239963 0.9197690721960795 0.1720221723582478 0.2985598520109859 0.4560212494166894 0.8915786259214314 0.8504364794648955 0.3132328442496195 0.47187276250738075 0.35916965810310386 0.588889846435863 0.21276192802722915 0.04556439960862824 0.36816341154513266 0.030150938320847587 0.7601663147603198 0.7419168127727519 0.16743885002415992 0.0 0.3142312102300756 0.4159522102145071 0.767913955591019 0.9233258736128396 0.6630434858056858 0.09407459223829695 0.9433866126137905 0.5065276983035188 0.03605418306214947 0.8514332463220764 0.9401944041198416 0.21133294742932085 
